L\U[{|y^NF[jR~
[   0    0   79   -4    0   82  100   41    0    0  -44  -32    0]
[   0    0  -37    0  -40    0    0    0   56   81   83   -5   64]
[ -70   88    0   44    0    0    0    0  -17  -32  -87    7    0]
[  89    0  -29    0   91  -36   40  -12   41   59    0    0    0]
[   0   83    0    7    0  -21   29  -39 -100   46    0    0  -70]
[ -80    0    0  -80  -90    0  -40   52    0  -98    0  -63   64]
[   8    0    0   90   21   32    0  -19  -13    0   29    0  -64]
[  71    0    0   82   20    5   45    0    0    0  -85   -6   41]
[   0   34   30  -93  -60    0   -7    0    0 -100  -53    0   -4]
[   0  -78    6   -7  -16   49    0    0  -39    0    0  -83   53]
[  81  -84   43    0    0    0   33   64   62    0    0   53  -40]
[ -84  -92   12    0    0   76    0  -32    0   18   68    0  -47]
[   0  -30    0    0   60   69   60  -33   93  -93   65    5    0]


